
                  CARGOLIFTER (20.09.2000 YEAR)                                                            
  1 -1 -1  0  1  1 -1  2 29  1 11 30  0  0  0  0  0  0  0  0  1 29  2 29                                   
FALSE  FALSE  FALSE  FALSE  FALSE  FALSE  TRUE                                                             
3318.31                                                                                                    
0.     1.0094 3.366876.6516410.235813.913417.639221.395825.175628.9857                                     
32.804836.627340.454644.286048.119455.714059.545463.372767.195271.0143                                     
74.824478.604282.360886.086689.764293.348496.633198.9906100.                                               
83.800 6.     -42.35011.                                                                                   
83.800 26.    -42.35011.                                                                                   
0.     3.656406.668808.6638110.032911.116512.017212.780313.413513.8388                                     
14.170614.459114.672614.792914.830314.792914.672614.459114.170613.8388                                     
13.413512.780312.017211.116510.03298.663816.6688 3.656400.                                                 
0.     3.656406.668808.6638110.032911.116512.017212.780313.413513.8388                                     
14.170614.459114.672614.792914.830314.792914.672614.459114.170613.8388                                     
13.413512.780312.017211.116510.03298.663816.6688 3.656400.                                                 
0.     4.2982 11.948320.373829.235438.342947.541556.830866.236775.7059                                     
85.182194.7616104.322113.864123.415132.951142.491152.040161.617171.154                                     
180.657190.085199.431208.706217.902226.936235.805244.465252.896260.                                        
0.     8.4559514.348118.857722.471525.364527.622229.343930.637631.5266                                     
32.098332.405632.494432.409732.179731.832131.357630.768330.034729.1307                                     
28.021426.676625.016123.004020.591917.726614.400810.57136.147250.                                          
76.77730.     -32.502100.   77.34600.     -45.50078.1990                                                   
0.     1.1717 2.4965 3.2132 3.9440 4.6902 5.4450 6.211476.978567.75701                                     
8.532679.3188910.098710.886211.674612.459 13.245814.040214.832415.6266                                     
16.405217.195218.764320.330320.392340.    60.    77.6725100.                                               
0.     1.987742.861663.218343.532493.814114.067084.296774.503604.69263                                     
4.862965.018495.157955.284585.398005.498635.588035.666855.734525.79164                                     
5.838435.875335.920925.952715.955825.955825.955825.955820.                                                 
152.8006.     -39.65011.    152.80026.    -39.65011.                                                       
0.     1.0094 3.366876.6516410.235813.913417.639221.395825.175628.9857                                     
32.804836.627340.454644.286048.119455.714059.545463.372767.195271.0143                                     
74.824478.604282.360886.086689.764293.348496.633198.9906100.                                               
0.     3.656406.668808.6638110.032911.116512.017212.780313.413513.8388                                     
14.170614.459114.672614.792914.830314.792914.672614.459114.170613.8388                                     
13.413512.780312.017211.116510.03298.663816.6688 3.656400.                                                 
158.1190.     0.     70.714 206.13936.2872-6.398432.5671                                                   
0.     .05    .2     .5     1.     2.     3.     5.     7.5    10.                                         
15.    20.    25.    30.    35.    40.    45.    50.    55.    60.                                         
65.    70.    75.    80.    85.    90.    95.    97.5   100.                                               
0.     .2723  .5394  .8429  1.1759 1.6287 1.9602 2.4534 2.8987 3.2320                                      
3.6891 3.96   4.1006 4.1423 4.1056 4.0051 3.8517 3.6539 3.4181 3.1496                                      
2.8522 2.5288 2.1812 1.8104 1.4166 .9992  .5567  .3254  .087                                               
          MACH=0. ; ALPHA=0;4(GRAD)                                                                        
  1  1  1                                                                                                  
  1  1  1  0  1  1  0  6  0  1  0 51                                                                       
  4 25  0  0  0  0  0  0  0  0  0  0  6  0  4 28                                                           
3318.3126.    260.   64.984 260.   120.75 0.     0.                                                        
6.     10.    14.    18.    22.    26.                                                                     
0.     1.1717 2.4965 3.2132 5.4450 7.7570110.098714.832420.392325.                                         
30.    35.    40.    45.    50.    55.    60.    65.    70.    77.6725                                     
80.    85.    90.    95.    100.                                                                           
-32.502-36.835-41.167-45.5                                                                                 
0.     .05    .5     1.     2.     3.     5.     7.5    10.    15.                                         
20.    25.    30.    35.    40.    45.    50.    55.    60.    65.                                         
70.    75.    80.    85.    90.    95.    97.5   100.                                                      
6.     10.    14.    18.    22.    26.                                                                     
20.552925.905430.820636.2872                                                                               
0.     1.713835.412669.8393114.579519.489724.580829.757535.038940.3682                                     
45.676251.058456.473161.913767.387472.853876.777383.871589.414494.9607                                     
100.488106.042111.571117.113122.663128.161133.728139.258144.783150.333                                     
155.880161.423166.961172.491176.777183.504188.950192.400199.802205.183                                     
210.559215.886221.176226.400231.567236.788241.719246.692251.572256.326                                     
260.                                                                                                       
.00001     80                                                                                              
0.                                                                                                         
0.     0.                                                                                                  
0.     4.                                                                                                  
-2.                                                                                                        
$    END CARGO                                                                                             