             wing-ty-204 (elastic)
  1  1  0  0  0  0  1 16-29
FALSE  FALSE  FALSE  FALSE  FALSE  FALSE
.2778
0.     .25    .5     .75    1.25   2.5    5.     7.5    10.    12.5
15.    20.    25.    30.    35.    40.    45.    50.    55.    60.
65.    70.    75.    80.    85.    90.    95.    97.    100.
0.     0.     0.     .340
.03944 .06667 .00931 .30594
.07042 .11902 .01596 .27818
.10139 .17137 .01946 .25055
.13237 .22373 .02277 .22298
.16334 .27608 .025   .19547
.17123 .28941 .02574 .18846
.19431 .32843 .02796 .17911
.22529 .38078 .03203 .16656
.25626 .43314 .03692 .15402
.28724 .48549 .04238 .14147
.34918 .59020 .05557 .11639
.38016 .64255 .06354 .10385
.41113 .69490 .07229 .09131
.44211 .74725 .08159 .07877
.47424 .80157 .09155 .06575
3.228  3.228  2.327  1.544  .838   .285   .219   .033   -.192  -.481
-.707  -1.282 -1.643 -1.942 -2.241 -2.542
0.     1.0026 1.4293 1.7597 2.2675 3.1410 4.2496 4.9668 5.4832 5.8631
6.1676 6.5794 6.8070 6.8966 6.8712 6.7428 6.5215 6.2111 5.8187 5.3492
4.8100 4.2096 3.5585 2.8706 2.1635 1.4576 .7644  .4926  .0907
0.     -1.0234-1.4687-1.8203-2.3555-3.3129-4.5593-5.3890-5.9947-6.4417
-6.8062-7.2684-7.4978-7.5462-7.4426-7.2090-6.8583-6.4047-5.8591-5.2345
-4.5449-3.8083-3.0437-2.2771-1.5435-.8859 -.3713 -.2262 -.0907
0.     1.0026 1.4293 1.7597 2.2675 3.1410 4.2496 4.9668 5.4832 5.8631
6.1676 6.5794 6.8070 6.8966 6.8712 6.7428 6.5215 6.2111 5.8187 5.3492
4.8100 4.2096 3.5585 2.8706 2.1635 1.4576 .7644  .4926  .0907
0.     -1.0234-1.4687-1.8203-2.3555-3.3129-4.5593-5.3890-5.9947-6.4417
-6.8062-7.2684-7.4978-7.5462-7.4426-7.2090-6.8583-6.4047-5.8591-5.2345
-4.5449-3.8083-3.0437-2.2771-1.5435-.8859 -.3713 -.2262 -.0907
0.     .9251  1.3160 1.6133 2.0703 2.8687 3.8984 4.5749 5.0626 5.4242
5.7149 6.1205 6.3617 6.4760 6.4845 6.4011 6.2338 5.9857 5.6625 5.2680
4.8011 4.2687 3.6774 3.0332 2.3439 1.6246 .8777  .5732  .1043
0.     -.9163 -1.3083-1.6105-2.0677-2.8686-3.9003-4.5933-5.1132-5.5098
-5.8382-6.2832-6.5298-6.6105-6.5514-6.3634-6.0609-5.6569-5.1551-4.5672
-3.9140-3.2046-2.4699-1.7379-1.0677-.5167 -.1635 -.1016 -.1043
0.     .8519  1.2096 1.4769 1.8880 2.6200 3.5809 4.2216 4.6831 5.0270
5.3041 5.6999 5.9490 6.0820 6.1179 6.0733 5.9538 5.7617 5.5021 5.1779
4.7798 4.3137 3.7817 3.1825 2.5133 1.7827 .9845  .6480  .1141
0.     -.8141 -1.1560-1.4126-1.7981-2.4545-3.2871-3.8525-4.2916-4.6397
-4.9327-5.3572-5.6151-5.7214-5.6999-5.5512-5.2909-4.9312-4.4692-3.9154
-3.2973-2.6159-1.9126-1.2177-.6118 -.1648 .0344  .0182  -.1141
0.     .8008  1.1348 1.3804 1.7585 2.4449 3.3621 3.9825 4.4289 4.7628
5.0322 5.4248 5.6831 5.8327 5.8913 5.8780 5.7966 5.6487 5.4392 5.1699
4.8248 4.4090 3.9205 3.3520 2.6910 1.9404 1.0871 .7189  .1234
0.     -.7353 -1.0384-1.2589-1.5873-2.1269-2.7976-3.2589-3.6328-3.9424
-4.2079-4.6185-4.8881-5.0173-5.0274-4.9105-4.6835-4.3578-3.9249-3.3945
-2.8001-2.1356-1.4522-.7823 -.2259 .1352  .2035  .1203  -.1234
0.     .8067  1.1403 1.3816 1.7530 2.4377 3.3653 4.0015 4.4606 4.8069
5.0872 5.5043 5.7895 5.9643 6.0465 6.0572 5.9997 5.8753 5.6882 5.4400
5.1093 4.7002 4.2095 3.6253 2.9308 2.1264 1.1981 .7955  .1404
0.     -.7155 -1.0053-1.2090-1.5098-1.9867-2.5672-2.9729-3.3165-3.6135
-3.8722-4.2975-4.5952-4.7541-4.7951-4.7028-4.4961-4.1861-3.7592-3.2250
-2.6221-1.9387-1.2356-.5478 .0053  .3282  .3152  .1847  -.1404
0.     .8178  1.1550 1.3980 1.7717 2.4623 3.4005 4.0461 4.5130 4.8661
5.1524 5.5811 5.8771 6.0605 6.1497 6.1661 6.1128 5.9914 5.8057 5.5572
5.2234 4.8083 4.3087 3.7121 3.0015 2.1774 1.2272 .8157  .1465
0.     -.7204 -1.0110-1.2135-1.5119-1.9812-2.5502-2.9496-3.2914-3.5897
-3.8504-4.2848-4.5934-4.7619-4.8113-4.7248-4.5217-4.2131-3.7843-3.2447
-2.6343-1.9398-1.2247-.5246 .0362  .3579  .3330  .1940  -.1465
0.     .8223  1.1599 1.4050 1.7825 2.4862 3.4467 4.1091 4.5860 4.9446
5.2350 5.6649 5.9656 6.1423 6.2306 6.2487 6.1986 6.0819 5.9033 5.6640
5.3390 4.9333 4.4403 3.8458 3.1265 2.2808 1.2887 .8526  .1428
0.     -.7078 -.9910 -1.1891-1.4793-1.9275-2.4632-2.8397-3.1670-3.4563
-3.7105-4.1393-4.4522-4.6156-4.6678-4.5834-4.3821-4.0750-3.6461-3.1045
-2.4931-1.7970-1.0825-.3866 .1603  .4505  .3832  .2268  -.1428
0.     .8272  1.1639 1.4110 1.7919 2.5073 3.4878 4.1659 4.6521 5.0161
5.3104 5.7417 6.0494 6.2179 6.3061 6.3264 6.2799 6.1680 5.9966 5.7658
5.4478 5.0513 4.5638 3.9703 3.2417 2.3747 1.3433 .8838  .1378
0.     -.6920 -.9687 -1.1599-1.4407-1.8664-2.3676-2.7202-3.0320-3.3114
-3.5582-3.9796-4.2976-4.4535-4.5084-4.4267-4.2285-3.9247-3.4981-2.9576
-2.3485-1.6547-.9444 -.2562 .2746  .5304  .4230  .2527  -.1378
0.     .8302  1.1643 1.4120 1.7941 2.5146 3.5039 4.1899 4.6810 5.0480
5.3446 5.7764 6.0913 6.2524 6.3413 6.3639 6.3203 6.2122 6.0455 5.8198
5.5074 5.1144 4.6294 4.0356 3.3011 2.4215 1.3685 .8959  .1328
0.     -.6765 -.9468 -1.1329-1.4057-1.8143-2.2903-2.6256-2.9256-3.1969
-3.4372-3.8512-4.1730-4.3203-4.3768-4.2980-4.1037-3.8047-3.3824-2.8483
-2.2457-1.5592-.8574 -.1797 .3369  .5658  .4347  .2603  -.1328
0.     .8316  1.1617 1.4091 1.7906 2.5106 3.4993 4.1867 4.6788 5.0466
5.3441 5.7760 6.0984 6.2529 6.3432 6.3680 6.3268 6.2213 6.0572 5.8335
5.5226 5.1306 4.6452 4.0499 3.3120 2.4274 1.3681 .8913  .1278
0.     -.6615 -.9265 -1.1082-1.3744-1.7708-2.2302-2.5541-2.8456-3.1103
-3.3452-3.7517-4.0764-4.2145-4.2717-4.1955-4.0058-3.7129-3.2993-2.7732
-2.1809-1.5058-.8161 -.1510 .3531  .5619  .4218  .2518  -.1278
0.     .8321  1.1514 1.3957 1.7723 2.4786 3.4442 4.1193 4.6048 4.9697
5.2661 5.6974 6.0356 6.1792 6.2746 6.3037 6.2657 6.1621 5.9977 5.7693
5.4534 5.0539 4.5600 3.9574 3.2185 2.3409 1.3057 .8419  .1179
0.     -.6337 -.8913 -1.0665-1.3233-1.7080-2.1563-2.4726-2.7557-3.0119
-3.2390-3.6310-3.9594-4.0775-4.1339-4.0631-3.8838-3.6061-3.2132-2.7133
-2.1495-1.5065-.8488 -.2131 .2714  .4574  .3358  .1953  -.1179
0.     .8264  1.1371 1.3776 1.7481 2.4389 3.3797 4.0394 4.5155 4.8752
5.1680 5.5959 5.9401 6.0782 6.1763 6.2076 6.1712 6.0689 5.9040 5.6725
5.3540 4.9508 4.4537 3.8501 3.1171 2.2532 1.2473 .7995  .1122
0.     -.6157 -.8687 -1.0400-1.2915-1.6715-2.1177-2.4325-2.7121-2.9636
-3.1861-3.5683-3.8954-4.0021-4.0566-3.9885-3.8157-3.5479-3.1695-2.6883
-2.1448-1.5251-.8904 -.2754 .1972  .3748  .2731  .1542  -.1122
0.     .8188  1.1201 1.3561 1.7192 2.3914 3.3023 3.9430 4.4077 4.7606
5.0490 5.4726 5.8221 5.9552 6.0561 6.0896 6.0548 5.9532 5.7873 5.5520
5.2300 4.8222 4.3216 3.7173 2.9923 2.1461 1.1769 .7492  .1065
0.     -.5968 -.8453 -1.0128-1.2590-1.6357-2.0827-2.3978-2.6748-2.9218
-3.1397-3.5115-3.8361-3.9311-3.9832-3.9178-3.7518-3.4947-3.1321-2.6716
-2.1506-1.5567-.9473 -.3548 .1057  .2771  .2008  .1068  -.1065
0.     .8068  1.0967 1.3267 1.6802 2.3291 3.2037 3.8206 4.2705 4.6145
4.8965 5.3134 5.6660 5.7938 5.8973 5.9330 5.9001 5.8000 5.6338 5.3955
5.0717 4.6612 4.1594 3.5576 2.8448 2.0212 1.0959 .6922  .1004
0.     -.5739 -.8168 -.9795 -1.2192-1.5909-2.0372-2.3517-2.6248-2.8662
-3.0783-3.4373-3.7568-3.8395-3.8885-3.8258-3.6673-3.4222-3.0774-2.6408
-2.1457-1.5816-1.0017-.4359 .0095  .1739  .1246  .0567  -.1004
0.     .7897  1.0660 1.2884 1.6298 2.2506 3.0817 3.6703 4.1020 4.4344
4.7079 5.1154 5.4688 5.5909 5.6966 5.7346 5.7039 5.6062 5.4408 5.2012
4.8773 4.4665 3.9664 3.3707 2.6747 1.8788 1.0042 .6281  .0936
0.     -.5460 -.7815 -.9382 -1.1694-1.5336-1.9764-2.2883-2.5557-2.7894
-2.9942-3.3375-3.6491-3.7185-3.7635-3.7035-3.5535-3.3219-2.9976-2.5882
-2.1231-1.5935-1.0483-.5141 -.0878 .0673  .0454  .0046  -.0936
                 variant 1 (ty-204 ; mach=0.7 ; alpha=0 ; 2 grad)
  1  1  1
  1  1
.2778  .80157 .178
.00001     80
0.
.85    0.85
-2.
$    end ty-204(variant 1)
