           WING - 330 ( 1 - VARIANT + BODY )
  1  1  1  0  0  0  0 10-30  1 29 30  0  0  0  0  0  0  0  1
FALSE  FALSE  FALSE  FALSE  FALSE  FALSE  
  2  1
.0726
0.     .2138  .426   .6681  1.1307 1.6529 2.3783 3.4827 4.4494 6.4847 
9.0397 13.737819.137924.482829.827635.172440.517245.862151.206956.5517
61.896667.241472.586277.931183.275988.620794.128297.226998.9137100.   
.23451 .046497.048   .15669
.25695 .08454 .048   .13678
.27902 .12199 .04712 .11717
.290812.14198 .0464  .10669
.302648.1621  .0455  .09616
.31444 .18201 .04458 .09139
.33815 .222   .04272 .08179
.3737  .28198 .03993 .06738
.42113 .362   .03617 .04814
.4571  .4227  .03333 .03356
2.044  1.367  .729   .435   .277   .236   .139   -.059  -.508  -1.19
0.     .9784  1.3916 1.752  2.2919 2.7776 3.33   4.0071 4.4932 5.3043 
6.0623 7.0135 7.6704 8.0277 8.1667 8.1322 7.9508 7.6413 7.2193 6.6966
6.0823 5.3847 4.6103 3.7682 2.8792 1.9708 1.0424 .5337  .2622  .0878 
0.     -.9355 -1.3081-1.6253-2.0888-2.4948-2.944 -3.4261-3.8468-4.4482
-4.9895-5.6334-6.0357-6.2101-6.2185-6.0931-5.8528-5.5097-5.0718-4.5444
-3.938 -3.2766-2.589 -1.9023-1.2584-.7122 -.3108 -.1742 -.1198 -.0878
0.     .8527  1.21   1.5203 1.9832 2.3981 2.869  3.4456 3.86   4.5541
5.204  6.0229 6.5977 6.9245 7.0734 7.0817 6.9717 6.7579 6.45   6.0547
5.5764 5.0178 4.3802 3.6646 2.8776 2.031  1.1131 .5838  .2936  .1059 
0.     -.8147 -1.1357-1.4061-1.7957-2.1322-2.5004-2.9344-3.2872-3.7339
-4.1939-4.7791-5.196 -5.4241-5.4999-5.4438-5.2676-4.9791-4.5847-4.0888
-3.5019-2.8479-2.1551-1.459 -.8218 -.3282 -.0603 -.048  -.0792 -.1059
0.     .7426  1.051  1.3177 1.7139 2.0683 2.4702 2.9634 3.3191 3.9174
4.4779 5.1856 5.6955 6.0091 6.1819 6.242  6.2059 6.0841 5.8831 5.606 
5.2512 4.8144 4.291  3.6759 2.9661 2.1601 1.2281 .6581  .3354  .1251 
0.     -.718  -.9964 -1.226 -1.5483-1.8196-2.1112-2.4505-2.687 -3.0828
-3.4727-4.0211-4.462 -4.7438-4.8825-4.8868-4.7625-4.5161-4.1528-3.678 
-3.1039-2.4492-1.7435-1.0332-.4006 .0432  .1827  .0745  -.0406 -.1251
0.     .705   .9963  1.2476 1.6202 1.953  2.3305 2.7942 3.1293 3.6945
4.2242 4.8944 5.3847 5.6986 5.8863 5.9718 5.9692 5.8876 5.7319 5.5037
5.1984 4.8089 4.3275 3.7464 3.0584 2.2561 1.3009 .7025  .3596  .1355 
0.     -.6853 -.9488 -1.1635-1.4603-1.7064-1.9678-2.2696-2.4797-2.8358
-3.1998-3.7393-4.1973-4.5073-4.6762-4.7077-4.6048-4.3736-4.0188-3.5464
-2.9692-2.3043-1.5823-.8549 -.2151 .2119  .2946  .1305  -.0239 -.1355 
0.     .7125  1.059  1.2588 1.6336 1.9682 2.3477 2.8142 3.1519 3.7223
4.2576 4.9364 5.4378 5.7656 5.9690 6.0713 6.0859 6.0212 5.8816 5.6678
5.3740 4.9911 4.5101 3.9218 3.2165 2.3842 1.3816 .7478  .3832  .1445 
0.     -.6926 -.9579 -1.1729-1.4678-1.7103-1.9662-2.2604-2.4652-2.8141
-3.1775-3.7294-4.2093-4.5416-4.7293-4.7741-4.6775-4.4457-4.0832-3.5965
-2.9992-2.3081-1.5551-.7965 -.1334 .2975  .3546  .1595  -.0174 -.1445 
0.     .7113  1.004  1.2562 1.6299 1.9636 2.342  2.8073 3.1440 3.7129 
4.2468 4.9243 5.4251 5.7527 5.9563 6.0589 6.0741 6.0100 5.8710 5.6574 
5.3637 4.9808 4.4997 3.9115 3.2066 2.3750 1.3746 .7433  .3804  .1431
0.     -.6889 -.9531 -1.1672-1.4607-1.7020-1.9566-2.2491-2.4526-2.7995
-3.1606-3.7093-4.1863-4.5167-4.7035-4.7481-4.6524-4.4222-4.0622-3.5786
-2.9849-2.2980-1.5496-.7954 -.1365 .2899  .3460  .1546  -.0186 -.1431
0.     .7087  .9993  1.2499 1.6212 1.9527 2.3288 2.7910 3.1255 3.6907
4.2215 4.8959 5.3952 5.7224 5.9262 6.0297 6.0463 5.9837 5.8459 5.6330
5.3393 4.9563 4.4753 3.8873 3.1831 2.3532 1.3580 .7326  .3740  .1396 
0.     -.6802 -.9418 -1.1536-1.4439-1.6823-1.9337-2.2223-2.4231-2.7649
-3.1208-3.6615-4.1319-4.4579-4.6423-4.6868-4.5930-4.3667-4.0124-3.5361
-2.9512-2.2743-1.5367-.7927 -.1437 .2719  .3255  .1430  -.0215 -.1396 
0.     .7034  .9899  1.2371 1.6035 1.9306 2.3017 2.7577 3.0876 3.6453
4.1697 4.8380 5.3343 5.6605 5.8648 5.9702 5.9896 5.9300 5.7947 5.5831
5.2897 4.9065 4.4254 3.8380 3.1353 2.3089 1.3241 .7107  .3609  .1327 
0.     -.6625 -.9187 -1.126 -1.4097-1.6423-1.8871-2.1678-2.3628-2.6946
-3.0397-3.5644-4.0212-4.3380-4.5178-4.5619-4.4721-4.2536-3.9109-3.4495
-2.8825-2.2261-1.5103-.7872 -.1585 .2353  .2840  .1194  -.0275 -.1327 
0.     .6913  .9685  1.2081 1.5633 1.8806 2.2404 2.6824 3.0021 3.5428 
4.0527 4.7070 5.1965 5.5206 5.7261 5.8355 5.8613 5.8087 5.6790 5.4703
5.1775 4.7940 4.3127 3.7264 3.0272 2.2086 1.2475 .6612  .3312  .1169 
0.     -.6224 -.8665 -1.0637-1.3324-1.5518-1.7817-2.0445-2.2265-2.5355
-2.8568-3.3446-3.7707-4.0668-4.2359-4.2794-4.1985-3.9979-3.6813-3.2538
-2.7271-2.1170-1.4505-.7749 -.1918 .1523  .1898  .0659  -.0409 -.1169 
0.     .6729  .9360  1.1640 1.5022 1.8045 2.1472 2.5677 2.8718 3.3866
3.8747 4.5075 4.9867 5.3076 5.5147 5.6305 5.6662 5.6240 5.5028 5.2985
5.0067 4.6226 4.1411 3.5565 2.8626 2.0559 1.1309 .5859  .2861  .0930 
0.     -.5614 -.7870 -.9686 -1.2147-1.4138-1.6212-1.8567-2.0191-2.2932
-2.5770-3.0099-3.3892-3.6539-3.8069-3.8492-3.7818-3.6084-3.3319-2.9558
-2.4905-1.9508-1.3595-.7563 -.2425 .0261  .0466  -.0155 -.0614 -.0930 
0.     .02    .04    .06    .08    .1     .12    .16    .19    .21  
.23    .25    .27    .29    .31    .33    .35    .41    .427   .442
.497   .537   .557   .597   .617   .697   .717   .757   .797   .834
0.
0.
0.
-.012  -.012  -.012  -.012  -.012  -.012  -.012  -.012  -.012  -.012
-.012  -.012  -.012  -.012  -.012  -.012  -.012  -.012  -.012  -.012
-.012  -.012  -.012  -.012  -.012  -.012  -.012  -.012  -.012  
0.     .00437 .00649 .00854 .01050 .01234 .01405 .01561 .01699 .01819
.01918 .01997 .02054 .02088 .02100 .02088 .02054 .01997 .01918 .01819
.01699 .01561 .01405 .01234 .01050 .00854 .00649 .00437 0.
-.031  -.03055-.02998-.02921-.02822-.02704-.02567-.02413-.02245-.02062
-.01869-.01666-.01456-.01242-.01025-.00808-.00594-.00384-.00181.00012
.00195 .00363 .00517 .00654 .00772 .00871 .00948 .01005 .01050
0.     .00655 .00973 .01281 .01575 .01852 .02108 .02341 .02548 .02728
.02878 .02996 .03081 .03133 .03150 .03133 .03081 .02996 .02878 .02728
.02548 .02341 .02108 .01852 .01575 .01281 .00973 .00655 0.
-.039  -.03829-.03741-.03619-.03465-.03279-.03065-.02825-.02560-.02275
-.01972-.01654-.01326-.00990-.00650-.0031 .00026 .00354 .00672 .00975
.0126  .01525 .01765 .01979 .02165 .02319 .02441 .02529 .026
0.     .00821 .01221 .01607 .01975 .02322 .02643 .02935 .03196 .03421
.03609 .03757 .03864 .03928 .03950 .03928 .03864 .03757 .03609 .03421
.03196 .02935 .02643 .02322 .01975 .01607 .01221 .00821 0.
-.045  -.04406-.0429 -.04128-.03924-.03679-.03396-.03077-.02727-.02350
-.01949-.01529-.01094-.00649-.002  .00249 .00694 .01129 .01549 .01950
.02327 .02677 .02996 .03279 .03524 .03728 .03890 .04006 .041
0.     .00946 .01406 .01851 .02275 .02674 .03045 .03381 .03681 .03940
.04157 .04327 .04451 .04525 .04550 .04525 .04451 .04327 .04157 .03940
.03681 .03381 .03045 .02674 .02275 .01851 .01406 .00946 0.
-.049  -.04794-.04663-.04482-.04252-.03976-.03657-.03299-.02906-.02481
-.02030-.01557-.01068-.00568-.00062.00443 .00943 .01432 .01905 .02356
.02781 .03174 .03532 .03851 .04127 .04357 .04538 .04669 .04775
0.     .01029 .01530 .02013 .02475 .02910 .03312 .03679 .04005 .04287
.04522 .04708 .04842 .04923 .04950 .04923 .04842 .04708 .04522 .04287
.04005 .03679 .03312 .02910 .02475 .02013 .01530 .01029 0.
-.051  -.04989-.04850-.04659-.04417-.04126-.03790-.03413-.02998-.02550
-.02074-.01576-.01060-.005330.     .00533 .01060 .01576 .02074 .02550
.02998 .03418 .03790 .04126 .04417 .04659 .04850 .04989 .051
0.     .01092 .01622 .02135 .02625 .03086 .03513 .03902 .04247 .04547
.04796 .04993 .05135 .05221 .05250 .05221 .05135 .04993 .04796 .04547
.04247 .03902 .03513 .03086 .02625 .02135 .01622 .01092 0.
-.052  -.05135-.04993-.04796-.04547-.04247-.03902-.03513-.03086-.02625
-.02135-.01622-.01092-.005490.     .00549 .01092 .01622 .02135 .02625
.03086 .03513 .03902 .04247 .04547 .04796 .04993 .05135 .052
0.     .01102 .01638 .02156 .02650 .03115 .03546 .03939 .04288 .04590
.04842 .05041 .05184 .05271 .053   .05271 .05184 .05041 .04842 .04590
.04288 .03939 .03546 .03115 .02650 .02156 .01638 .01102 0.
-.053  -.05184-.05041-.04842-.04590-.04288-.03939-.03546-.03115-.02650
-.02156-.01638-.01102-.005540.     .00554 .01102 .01638 .02156 .02650
.03115 .03516 .03939 .04288 .04590 .04842 .05041 .05184 .053
0.     .01102 .01638 .02156 .02650 .03115 .03546 .03939 .04288 .04590
.04842 .05041 .05184 .05271 .053   .05271 .05184 .05041 .04842 .04590
.04288 .03939 .03546 .03115 .02650 .02156 .01638 .01102 0.
-.053  -.05184-.05041-.04842-.04590-.04288-.03939-.03546-.03115-.02650
-.02156-.01638-.01102-.005540.     .00554 .01102 .01638 .02156 .02650
.03115 .03516 .03939 .04288 .04590 .04842 .05041 .05184 .053
0.     .01102 .01638 .02156 .02650 .03115 .03546 .03939 .04288 .04590
.04842 .05041 .05184 .05271 .053   .05271 .05184 .05041 .04842 .04590
.04288 .03939 .03546 .03115 .02650 .02156 .01638 .01102 0.
-.053  -.05184-.05041-.04842-.04590-.04288-.03939-.03546-.03115-.02650
-.02156-.01638-.01102-.005540.     .01122 .01815 .02395 .02903 .03355
.03757 .04114 .04427 .04699 .04928 .05116 .05262 .05366 .0545
0.     .01102 .01638 .02156 .02650 .03115 .03546 .03939 .04288 .04590
.04842 .05041 .05184 .05271 .053   .05271 .05184 .05041 .04842 .04590
.04288 .03939 .03546 .03115 .02650 .02156 .01638 .01102 0.
-.053  -.05184-.05041-.04842-.04590-.04288-.03939-.03546-.03115-.02650
-.02156-.01638-.01102-.005540.     .02166 .02931 .03489 .03938 .04312
.04630 .04902 .05134 .05329 .05491 .05622 .05722 .05793 .0585
0.     .01102 .01638 .02156 .02650 .03115 .03546 .03939 .04288 .04590
.04842 .05041 .05184 .05271 .053   .05271 .05184 .05041 .04842 .04590
.04288 .03939 .03546 .03115 .02650 .02156 .01638 .01102 0.
-.053  -.05184-.05041-.04842-.04590-.04288-.03939-.03546-.03115-.02650
-.02156-.01638-.01102-.005540.     .03149 .03870 .04359 .04734 .05036
.05286 .05496 .05672 .05818 .05938 .06034 .06107 .06159 .062
0.     .01102 .01638 .02156 .02650 .03115 .03546 .03939 .04288 .04590
.04842 .05041 .05184 .05271 .053   .05271 .05184 .05041 .04842 .04590
.04288 .03939 .03546 .03115 .02650 .02156 .01638 .01102 0.
-.053  -.05184-.05041-.04842-.04590-.04288-.03939-.03546-.03115-.02650
-.02156-.01638-.01102-.005540.     .04138 .04748 .05139 .05430 .05659
.05845 .05998 .06125 .06230 .06316 .06384 .06435 .06471 .065
0.     .01102 .01638 .02156 .02650 .03115 .03546 .03939 .04288 .04590
.04842 .05041 .05184 .05271 .053   .05271 .05184 .05041 .04842 .04590
.04288 .03939 .03546 .03115 .02650 .02156 .01638 .01102 0.
-.053  -.05184-.05041-.04842-.04590-.04288-.03939-.03546-.03115-.02650
-.02156-.01638-.01102-.005540.     .04074 .04675 .05060 .05346 .05572
.05755 .05906 .06031 .06134 .06219 .06285 .06336 .06372 .064
0.     .01102 .01638 .02156 .02650 .03115 .03546 .03939 .04288 .04590
.04842 .05041 .05184 .05271 .053   .05271 .05184 .05041 .04842 .04590
.04288 .03939 .03546 .03115 .02650 .02156 .01638 .01102 0.
-.053  -.05184-.05041-.04842-.04590-.04288-.03939-.03546-.03115-.02650
-.02156-.01638-.01102-.005540.     .04010 .04602 .04981 .05263 .05484
.05665 .05814 .05937 .06039 .06121 .06187 .06237 .06272 .063
0.     .01102 .01638 .02156 .02650 .03115 .03546 .03939 .04288 .04590
.04842 .05041 .05184 .05271 .053   .05271 .05184 .05041 .04842 .04590
.04288 .03939 .03546 .03115 .02650 .02156 .01638 .01102 0.
-.053  -.05184-.05041-.04842-.04590-.04288-.03939-.03546-.03115-.02650
-.02156-.01638-.01102-.005540.     .03851 .04419 .04734 .05054 .05267
.05440 .05583 .05701 .05799 .05878 .05942 .05990 .06023 .06050
0.     .01102 .01638 .02156 .02650 .03115 .03546 .03939 .04288 .04590
.04842 .05041 .05184 .05271 .053   .05271 .05184 .05041 .04842 .04590
.04288 .03939 .03546 .03115 .02650 .02156 .01638 .01102 0.
-.053  -.05184-.05041-.04842-.04590-.04288-.03939-.03546-.03115-.02650
-.02156-.01638-.01102-.005540.     .02946 .03621 .04078 .04428 .04711
.04945 .05141 .05306 .05443 .05555 .05643 .05713 .05762 .058
0.     .01102 .01638 .02156 .02650 .03115 .03546 .03939 .04288 .04590
.04842 .05041 .05184 .05271 .053   .05271 .05184 .05041 .04842 .04590
.04288 .03939 .03546 .03115 .02650 .02156 .01638 .01102 0.
-.053  -.05184-.05041-.04842-.04590-.04288-.03939-.03546-.03115-.02650
-.02156-.01638-.01102-.005540.     .00953 .01606 .02171 .02675 .03130
.03539 .03905 .04230 .04512 .04751 .04948 .05102 .05212 .053
0.     .01102 .01638 .02156 .02650 .03115 .03546 .03939 .04288 .04590
.04842 .05041 .05184 .05271 .053   .05271 .05184 .05041 .04842 .04590
.04288 .03939 .03546 .03115 .02650 .02156 .01638 .01102 0.
-.053  -.05184-.05041-.04842-.04590-.04288-.03939-.03546-.03115-.02650
-.02156-.01638-.01102-.005540.     .00554 .01102 .01638 .02156 .02650
.03115 .03546 .03939 .04288 .04590 .04842 .05041 .05184 .053
0.     .01102 .01638 .02156 .02650 .03115 .03546 .03939 .04288 .04590
.04842 .05041 .05184 .05271 .053   .05271 .05184 .05041 .04842 .04590
.04288 .03939 .03546 .03115 .02650 .02156 .01638 .01102 0.
-.05150-.05037-.04898-.04705-.04480-.04166-.03827-.03446-.03027-.02575
-.02095-.01591-.01071-.005380.     .00554 .01102 .01638 .02156 .02650
.03115 .03546 .03939 .04288 .04590 .04842 .05041 .05184 .053
0.     .01092 .01622 .02135 .02625 .03086 .03513 .03902 .04247 .04547
.04796 .04993 .05135 .05221 .05250 .05221 .05135 .04993 .04796 .04547
.04247 .03902 .03513 .03086 .02625 .02135 .01622 .01092 .0
-.04250-.04157-.04042-.03883-.03681-.03438-.03158-.02844-.02498-.02125
-.01729-.01313-.00884-.004440.     .00559 .01111 .01652 .02174 .02673
.03142 .03577 .03972 .04324 .04629 .04883 .05083 .05228 .05345
0.     .01067 .01585 .02087 .02565 .03015 .03433 .03812 .04150 .04443
.04686 .04879 .05018 .05102 .05130 .05102 .05018 .04879 .04686 .04443
.04150 .03812 .03433 .03015 .02565 .02087 .01585 .01067 0.
-.03250-.03176-.03084-.02956-.02784-.02601-.02377-.02125-.01848-.01550
-.01233-.00901-.00557-.00205.00150 .00725 .01294 .01850 .02387 .029
.03383 .03830 .04237 .04600 .04913 .05175 .05381 .05530 .05650
0.     .01054 .01567 .02062 .02535 .02980 .03392 .03768 .04102 .04391
.04632 .04822 .04959 .05042 .05070 .05042 .04959 .04822 .04632 .04391
.04102 .03768 .03392 .02980 .02535 .02062 .01567 .01054 0.
-.02750-.02681-.02596-.02478-.02328-.02148-.01941-.01708-.01452-.01175
-.00881-.00573-.00255.00071 .00400 .00959 .01512 .02053 .02576 .03075
.03545 .03980 .04376 .04728 .05033 .05287 .05488 .05633 .05750
0.     .00988 .01468 .01932 .02375 .02792 .03178 .03530 .03843 .04114
.04339 .04518 .04646 .04724 .04750 .04724 .04646 .04518 .04339 .04114
.03843 .03530 .03178 .02792 .02375 .01932 .01468 .00988 0.
-.01650-.01591-.01518-.01417-.01288-.01134-.00956-.00757-.00537-.00300
-.00048.00216 .00489 .00768 .01050 .01567 .02079 .02580 .03063 .03525
.03960 .04362 .04729 .05055 .05337 .05572 .05758 .05892 .06
0.     .00936 .01391 .01830 .02250 .02645 .03011 .03344 .03641 .03897
.04111 .04280 .04402 .04475 .045   .04475 .04402 .04280 .04111 .03897
.03641 .03344 .03011 .02645 .02250 .01830 .01391 .00936 0.
-.011  -.01044-.00975-.0088 -.00758-.00613-.00445-.00256-.00049.00175
.00413 .00662 .0092  .01183 .0145  .01939 .02422 .02895 .03351 .03788
.04198 .04578 .04924 .05232 .05499 .05721 .05896 .06023 .06125
0.     .00873 .01298 .01708 .02100 .02469 .02810 .03121 .03398 .03637
.03837 .03994 .04108 .04177 .04200 .04177 .04108 .03994 .03837 .03637
.03398 .03121 .02810 .02469 .02100 .01708 .01298 .00873 0.
.01    .01048 .01108 .01190 .01295 .01420 .01565 .01728 .01907 .02100
.02305 .02520 .02743 .02970 .03200 .03561 .03917 .04266 .04603 .04925
.05228 .05509 .05764 .05991 .06188 .06352 .06481 .06575 .06650
0.     .00790 .01174 .01546 .01900 .02234 .02543 .02824 .03074 .03291
.03471 .03614 .03717 .03779 .03800 .03779 .03717 .03614 .03471 .03291
.03074 .02824 .02543 .02234 .01900 .01546 .01174 .00790 0.
.01550 .01596 .01653 .01732 .01831 .01951 .02089 .02245 .02416 .02600
.02796 .03001 .03213 .03430 .03650 .03969 .04284 .04593 .04891 .05175
.05443 .05691 .05917 .06118 .06291 .06436 .06551 .06633 .067
0.     .00603 .00896 .01180 .01450 .01705 .01940 .02155 .02346 .02511
.02649 .02758 .02837 .02884 .02900 .02884 .02837 .02758 .02649 .02511
.02346 .02155 .01940 .01705 .01450 .01180 .00896 .00603 0.
.02600 .02642 .02693 .02764 .02855 .02963 .03088 .03229 .03383 .03550
.03727 .03913 .04105 .04301 .04500 .04735 .04968 .05195 .05415 .05625
.05823 .06006 .06172 .06320 .06449 .06555 .06640 .06701 .0675
0.     .00385 .00572 .00752 .00925 .01087 .01238 .01375 .01497 .01602
.01690 .01759 .01810 .01840 .01850 .01840 .01810 .01759 .01690 .01602
.01497 .01375 .01238 .01087 .00925 .00752 .00572 .0003850.
.03900 .03932 .03971 .04025 .04094 .04177 .04272 .04380 .04498 .04625
.04760 .04902 .05049 .05198 .05350 .05496 .05641 .05783 .05919 .06050
.06173 .06287 .06390 .06483 .06562 .06629 .06681 .06719 .0675
0.
0.
0.
.061   .061   .061   .061   .061   .061   .061   .061   .061   .061   
.061   .061   .061   .061   .061   .061   .061   .061   .061   .061   
.061   .061   .061   .061   .061   .061   .061   .061   .061
     TU330   MACH = 0.7 ; ALPHA = 2.456 GRAD
  1  1  0
  1  1  1  0  0  0  0 11  0  1 18
.0726  .4227  .0922  0.     .834
.05184 .08454 .10393 .12332 .14211 .1621  .21422 .26634 .31846 .37058
.4227
.265956.383556
.1456
.03684
.1456
.03684
  1  2  1
.244956.376356
.1456
.03264
.1456
.03264
  1  2  1
.228956.369356
.1456
.02884
.1456
.02884
  1  2  1
.218556.361756
.1456
.02484
.1456
.02484
  0  0  0
.0001      80
0.
0.7    2.456
-2.
$    END WING - 330 + BODY
